7:302,77960,49893,616,29,58,42701,5715,109286,650
18:17608,32205,54038,47812,43893,63512,534,85561,60542,33818
36:17,7608,12472,616,2162,113056,102997,654,70,84
37:17,42352,616,84,112950,5418,302,8,654,1700
41:17,302,105054,616,654,58,96862,76716,91017,1462
42:29548,17,58571,7346,62785,122204,121723,107418,93324,85904
43:59292,2983,1678,14906,29732,6977,29960,2345,15676,45147
44:302,616,76,8,84,861,542,1829,10459,6
46:302,616,8,58,40708,76,1102,322,14663,6450
59:98540,616,654,16049,26062,3233,58,29,76,84377
60:302,58,616,7894,101033,29,76,726,3,39348
69:302,654,58,76,564,650,29,101,61,354
70:24138,73800,69282,119010,70795,59396,30861,102651,76931,31306
94:17,302,616,654,58,76,508,119,84,564
106:29,8,84,101,736,518,70,15,1102,554
115:58,8,518,29,861,102105,26178,21850,289,85254
116:19277,118640,96903,103970,82524,1784,212,85153,2028,23114
142:81,58,8,84,29,301,986,1102,61,32
148:986,17,20941,11772,19697,42504,35625,104497,8826,3956
150:43133,17,861,44250,92008,93259,74140,1424,15583,11459
156:43331,90138,66463,8,302,33818,60542,99915,92674,52773
161:84,7836,83317,616,18980,13161,121152,111086,75012,56556
171:30944,302,5598,6130,19369,15334,29813,37496,58354,65704
172:654,58,861,35219,23980,5767,6130,8,84063,69622
177:17,22681,654,81950,53851,58,29,8426,123088,78740
196:616,650,29,76,81,8265,60302,354,64596,104497
202:302,58,9681,6051,8,28950,76673,4919,16441,95621
211:122005,110706,88068,67519,7794,19749,106389,7466,21276,18307
217:17,21949,7451,23010,13322,2548,66260,98777,55185,29825
223:302,33953,654,51314,5629,616,42352,58,20860,50010
225:22346,34271,45738,120285,302,654,5117,4487,4793,86516
228:107313,62051,97322,65405,112948,109097,112841,97764,42508,11480
229:58,108646,61781,84,510,1913,861,101,518,1102
231:42701,5715,109286,18370,22733,3241,1250,58648,99992,90981
238:441,84677,4732,4421,10536,26848,104746,102559,28531,17
241:30944,58,616,84,29,76,650,1102,6,542
249:6315,17,26981,1436,16150,77917,32549,27157,302,119700
250:302,616,116364,61959,60285,654,2245,84,58,32282
253:189,4568,21771,68990,106333,81055,37771,16939,90226,65520
257:17,43331,67084,45014,19059,64596,861,84,88824,29849
273:17,5867,302,654,116794,68939,11195,327,66965,35260
288:17,616,53322,29874,58,650,76,84,1555,61946
290:116199,23093,68549,116016,2048,104062,103027,82759,21157,19450
292:58,654,108256,616,104497,64596,3368,28160,81950,53851
294:17,302,1102,8,19774,121540,96635,63993,56657,21343
331:17,302,2311,75191,117247,33470,44,616,76752,40192
361:75562,14832,6130,34271,120285,65704,24323,113938,33304,616
376:17,302,395,3,2868,25492,1567,74517,82109,72997
384:17,616,11887,302,654,19059,11959,114717,109819,104162
401:33832,80468,58,616,899,1102,1389,2162,650,1187
402:302,654,73772,67084,43133,25236,57328,48603,289,8
410:19697,4755,35625,30561,112433,37771,9326,16939,57634,17201
448:70146,302,1276,59031,33288,31651,616,205,110038,56948
449:17,45702,302,99009,44224,114778,52345,48805,76673,77820
450:302,654,76,84,29,15,354,138,1102,301
452:112072,45412,93072,2703,81165,27205,29121,13523,79249,60968
476:12386,69277,15424,6164,47309,71577,12716,40896,35330,77594
488:17,302,616,396,44336,58,1245,944,76,29
490:17,302,29,76,650,15,9617,50588,510,15583
494:17,616,654,58,36070,72990,59031,84377,19715,8
514:79733,13051,5693,9062,6906,10358,76,5501,44207,69834
525:6315,535,11772,16669,2028,15992,44318,75917,83233,50293
535:17,14586,861,29,591,1102,10638,17383,11344,1424
536:302,33310,122768,117117,19800,18523,9197,37999,21934,79351
538:105037,6976,67547,8281,1880,12498,42657,9603,24323,113938
539:17,80958,62844,71398,64596,654,58,1344,34271,25837
564:91850,45919,64596,861,84,289,76,8,650,518
582:64596,616,510,31048,15423,53322,29,4174,76,73
585:46483,4284,35767,53381,59199,373,17,3197,17143,15477
590:22912,654,902,34000,117471,110637,82604,78604,17919,101
618:11070,25910,28926,96720,90231,28953,116336,23933,866,17
627:42376,114599,77531,51158,9761,68399,4671,7334,11539,9594
632:5246,1937,76752,40192,91012,70671,61360,37442,36502,81
633:19841,3874,302,654,58,24323,32328,115866,78936,95575
646:1913,1995,11070,31631,26210,20524,73583,54446,108047,101945
666:10791,36835,95977,8914,101682,61479,28757,16222,11845,5388
667:14237,2494,17,112932,96450,62068,54044,51030,39030,1086
678:88056,40407,17,6623,6130,47530,65704,31608,55713,110948
680:17,1190,42352,74541,120360,49834,24323,113938,33304,58
681:15992,50902,86744,441,42306,76635,4421,6812,95334,86852
682:76,1528,2318,7711,19962,14754,14798,21162,9783,55339
684:29161,11984,11470,22890,69720,32348,30357,54703,9794,35577
715:21926,4671,12861,14375,1753,59850,81,1547,36991,61368
716:70283,14336,81839,17,20381,76668,46588,22185,37600,8004
741:121636,28538,8652,168,14435,111861,8860,106310,25473,22033
750:76,8,354,15,564,301,138,6,1102,61
754:17,302,654,58,616,14586,74834,86744,76,500
756:66463,510,53322,11323,79812,61948,616,44,76752,40192
757:107887,57938,78102,64596,88114,228,23823,564,698,76
758:70858,46128,79423,20490,30456,111363,17,15,1245,2372
763:110073,53322,17,25585,35566,93289,80780,36519,26355,41641
774:17,302,650,76,518,8,84,289,554,564
775:58,10259,59031,9774,43133,64596,76,49640,94134,25144
782:100244,7145,61300,60350,111491,26744,6360,29874,46762,17084
784:17,302,76,84,29,542,650,518,101,289
793:13203,11396,27447,1734,14193,16241,6059,12462,17030,23833
803:6450,4420,6945,14370,52673,17,1119,80730,105238,84081
813:17,43133,1344,302,3619,654,39006,1544,616,14293
815:37240,381,28402,42137,1555,43540,35501,1252,49534,302
817:33832,100505,106684,21183,12228,9328,29863,65125,101917,29
818:7235,7711,13848,34397,46771,4119,29783,28755,574,76
823:63363,101594,64891,2028,15992,36244,44934,47929,68712,33036
825:7869,654,616,58,8,68601,29,70,76752,84377
833:302,58,8,76,84,70,354,564,861,508
835:11772,58,101,302,654,81,616,1804,76,112379
844:33832,58,4280,6554,108451,18873,29,76,4478,113259
856:6,138,70,301,327,866,162,76693,364,394
857:302,75257,18638,2619,42701,5715,109286,861,101,289
874:302,58,76,84,518,29,508,301,70,736
899:93648,17,44318,75917,371,10370,25702,42701,5715,109286
911:6680,16669,19715,87631,54338,35657,121921,119249,84202,43375
918:55772,19715,327,17,61651,66439,122912,6793,26062,16049
925:20277,93298,48437,13901,370,14328,7407,52521,27108,13269
926:302,54471,58,89166,78549,42436,830,95606,70819,67931
937:53322,302,518,104497,654,616,17136,29811,61069,875
964:2403,3207,970,15235,9490,33639,10046,5108,8871,32558
977:17,29,650,518,554,15,354,736,53322,301
981:1757,44318,75917,8492,90790,55307,33348,90878,18224,28531
982:17,1119,646,44474,19235,48401,51043,39641,491,114615
984:17,654,616,10216,58,76,30844,75316,43133,9832
992:15992,73953,17855,1555,6623,47530,1252,41408,109647,73509
993:41847,92069,2354,654,4093,26437,254,84,29280,4332
998:17,302,654,67460,57208,51157,616,84,58,564
1000:17,6751,58,84,8,29,542,70,902,1102
1007:17,654,15423,31048,2267,22580,94112,43028,1424,29
1027:75389,95096,168,1013,90250,40601,5953,91616,29153,28387
1028:116620,68497,17,2669,6840,37121,302,8194,14661,30387
1044:17,77439,69383,17307,3844,98754,40367,65286,2560,76510
1045:54418,99307,17,43133,1190,58,42352,8,861,6793
1068:73569,13853,101069,33762,76343,32611,31830,27327,8928,1256
1069:654,82411,76,8739,6215,875,11070,64596,29,84
1070:17,58,616,76,84,518,2469,542,650,6
1082:101,54104,650,64596,85286,84,591,518,1102,239
1088:3233,21949,17,4487,7451,13322,42352,56465,66613,66260
1094:58,616,29,47968,43133,508,61,13031,27907,118341
1116:64596,108251,35187,22801,39619,89977,115140,56308,117853,66941
1125:42994,55274,302,58,654,3521,84,616,100505,64596
1127:54107,71182,17,114956,6360,12061,46377,61273,111109,98560
1132:22315,13732,19757,30528,5490,19531,28926,96720,90231,28953
1133:76,36726,58382,8,650,508,2028,2008,736,19885
1140:302,616,58,29,106318,46035,8,76,84,542
1148:99113,87862,68390,14153,56007,44600,110419,92056,40934,119021
1153:17,117160,41321,654,7929,111927,102983,56465,66613,58
1166:42352,17,16879,46823,9121,103795,1234,774,81,32969
1172:17,101698,302,58,1555,616,2267,22580,1252,654
1192:18209,17,53322,302,58,616,104923,81133,6974,99981
1208:97091,50589,13420,10947,112254,111733,87138,70600,9425,17
1209:21193,113585,82309,17201,67940,59858,168,76,719,698
1234:168,113244,719,76,16993,1263,1400,9874,574,17
1236:61131,100873,89469,83998,83053,82240,78751,64766,62262,47614
1245:10946,6793,889,26062,16049,1187,6294,53878,29938,43308
1263:17,302,58,38388,84377,861,45527,591,2626,82206
1267:13293,1204,114483,41831,69014,105945,89690,63872,14908,32659
1269:3107,23191,109744,106146,34129,4755,7859,11725,8225,14401
1288:1017,67016,31508,109653,105279,97859,95607,87616,74535,57908
1295:616,36030,10181,107405,41256,5867,104721,76,396,2203
1302:17,302,654,616,118519,104318,61584,42701,5715,109286
1305:79994,17,14897,22315,13732,302,19757,30528,5490,19531
1382:108618,77684,17,10616,10215,5112,9019,101770,99415,17517
1402:616,302,24323,113938,33304,591,1424,19740,91211,73093
1409:6503,92069,12724,51517,8,616,50589,97091,101,354
1413:101,15,542,289,239,285,736,6,162,1476
1418:654,49752,43133,104497,861,3233,76,5767,370,25585
1419:23191,35625,4755,7880,11725,11679,112487,8225,6434,14401
1420:302,654,80544,98433,42320,27425,29,8,58,616
1427:17,84,29,8,358,518,361,6159,564,104497
1430:24893,85708,79080,63341,49420,17443,6130,65704,591,17
1431:64596,58,654,45996,75191,117247,33470,17487,119983,77295
1435:302,616,58,1784,29,394,76,84,101,289
1447:26062,16049,17,29874,3233,42352,302,654,43728,116211
1457:106319,92624,46826,109119,97686,95029,72606,63225,39645,32076
1458:17,302,616,58,76,15,84,650,508,358
1469:302,14586,58,53381,616,45919,22062,114409,76,84
1477:54442,82704,69237,17,21631,6450,50589,97091,4420,6945
1486:39207,43358,57525,17622,45287,21193,113585,82309,26131,39464
1490:889,6793,26062,16049,17,21693,27706,114624,67794,67389
1491:53322,114815,58617,21934,37999,9197,79351,25375,302,16127
1500:302,58,52538,29,84,2714,861,76,9617,29874
1503:104497,654,58,616,8,76,650,239,542,289
1518:59816,31651,109744,106146,34129,80448,116972,78520,60494,59671
1535:236,302,654,58,98038,84,650,62282,29,542
1551:616,51500,1913,55592,96786,650,40263,8,518,354
1553:1953,65406,102236,58934,17,654,302,58,76,616
1559:11070,26763,83643,302,26905,58518,654,117153,71005,31570
1560:17,302,58,518,8349,564,84,76,9572,8536
1561:17,616,58,76,542,84,29,518,15,289
1562:654,616,29,16024,109161,88367,56787,224,8,1102
1569:986,61052,69468,60820,62843,92586,96768,46621,34829,22823
1570:30944,22681,27705,7905,17123,54038,43893,32205,63512,85561
1589:42489,61468,16146,654,116,61,616,899,322,58
1601:9019,45200,48130,65631,6590,55521,122510,74087,61040,5148
1602:17,23156,3521,302,616,73772,47968,354,4732,2028
1629:42352,17,17201,67940,59858,24323,2822,113938,33304,59461
1642:62509,10259,11070,302,58,654,44318,75917,8,22573
1653:66463,17,38129,66538,50986,37789,302,45561,119728,104540
1654:302,29,42352,84,8,13730,650,101,95621,43133
1655:53322,654,1424,8,15583,11459,917,2158,16595,20440
1668:616,93648,11070,100505,76,29,650,8,15,5767
1681:17,22684,23910,8,518,616,58,111244,98843,90086
1703:13436,41722,10383,42384,91647,1119,302,6450,4420,654
1727:58230,5315,205,6231,37605,11479,17,616,217,3516
1728:9331,2060,2456,22273,56878,91173,49777,9968,23962,41665
1746:44176,2322,81758,7619,17,18607,53207,26625,14400,4688
1751:206,24428,32771,103332,73385,60922,43533,84316,54655,9617
1756:1733,43755,944,8,1190,56465,42352,66613,53322,45561
1758:58775,64596,17,302,616,46734,25961,50479,111440,102016
1761:25716,19433,63790,119401,103292,101433,70173,66480,42190,123100
1767:43332,103540,20302,875,1187,6450,58,63835,616,836
1783:17,64596,86496,861,302,58,109988,89257,74536,5767
1787:80619,616,22681,104497,64596,518,29,1231,76,101
1788:11772,28247,2718,1555,18777,29732,1252,14906,2345,18448
1794:17,654,2950,361,9617,72372,24323,113938,33304,616
1796:37458,654,4333,121577,40167,64596,77439,17307,103250,36188
1803:72617,68379,108787,63383,17,37999,21934,9197,79351,25375
1820:23191,109744,106146,34129,1923,10145,91453,71795,6793,889
1821:40167,5117,4487,24568,3482,35840,22633,26491,46773,62117
1822:17,13241,535,616,302,654,58,2032,1180,14528
1823:17,10118,84,58775,76,650,591,6,289,6130
1840:616,11070,64596,542,650,564,1804,301,4685,162
1841:5480,110864,18993,24843,8860,78239,37590,81039,80871,1013
1842:75413,58,17,32817,77265,48156,39141,21068,302,554
1850:1941,24670,114000,89264,69384,62186,36964,9242,17,1102
1853:63472,26867,121756,109294,4517,11070,7546,4663,54105,91265
1854:17,302,654,861,8,76,84,70,591,1102
1862:302,239,34070,616,64596,1913,1057,3233,944,2868
1880:875,4420,6945,14370,52673,17,1119,22283,107083,105633
1883:302,17370,654,58,80066,51681,31164,7101,8,1527
1890:18055,1512,41306,30944,42701,5715,109286,32906,51412,86241
1893:302,654,616,58,28014,4333,84,29860,29,12725
1894:68601,13051,64596,654,616,58,106430,92997,4139,15736
1912:17,986,8,2024,8457,18578,1897,1116,6073,246
1913:66665,17487,119983,77295,29563,17,302,5662,4032,27479
1930:18269,7160,24752,12761,63563,103724,28188,45525,90786,78182
1932:54358,9354,77993,34799,3041,57566,45175,38216,11220,116620
1950:301,542,861,508,15,554,947,3,67366,26715
1952:17,64596,616,6130,65704,84,76,162,8,239
2005:302,115657,6908,285,76,14163,53381,16669,29,67084
2030:673,3197,17143,1749,731,3374,17,22689,3498,32166
2046:91537,10492,27296,13889,11199,9101,111815,93654,75233,38488
2068:17,302,616,654,67753,24464,245,58,564,92159
2070:13580,43755,84,2076,245,4919,303,54155,3233,542
2071:302,616,58,70,518,76,650,354,101,33344
2072:18109,104497,22061,87013,12937,53804,1119,26207,118777,1180
2074:54442,82704,69237,9465,107297,98127,70605,30246,34070,71810
2075:56192,302,654,76673,861,84,8,76,101,650
2077:17,35606,22917,654,10215,10616,26381,46471,60177,616
2080:43133,92008,93259,74140,17,6130,2267,22580,65704,2050
2085:24958,31517,3570,121725,79463,9755,17,67332,8,27062
2097:42352,302,31854,616,58,104497,22917,654,33916,84
2112:33872,226,5480,1727,28387,95211,17,7235,52926,21905
2115:76948,17,59031,22681,3233,96520,90281,75566,15770,42352
2116:17,6315,302,654,60345,40091,120885,47802,30575,15778
2123:60642,10748,4420,17,6945,14370,52673,5598,58354,899
2135:111185,34080,5767,1252,30443,123286,78984,69079,50542,21331
2147:12673,6059,17030,23833,109031,42335,35619,12462,728,94418
2154:23191,110285,23552,719,38573,18428,9577,28467,16879,85254
2160:76348,17,554,13241,104497,1804,4174,302,73,10247
2162:7118,661,109940,58298,83245,32748,40219,75655,110951,95503
2170:17,302,58,114374,11070,510,76,542,29,650
2184:16996,32619,14965,58,43133,2541,78689,57056,616,1348
2185:31651,29798,11556,1555,1252,42701,5715,109286,41221,17
2211:101523,82813,62500,44173,80234,122044,18435,80468,77923,72444
2243:42352,28950,17,61240,27238,95334,86852,12029,63040,441
2244:17,616,302,58,654,19059,8,84,101,518
2247:3249,12575,11447,40390,20628,24968,27293,3657,75427,302
2253:13166,25412,53381,11772,71074,986,6623,47530,44318,75917
2261:302,654,9617,616,4420,72372,19059,86744,58,6945
2290:29,650,1102,554,542,518,153,15,16595,138
2291:17,616,29,76,101,84,8,542,16935,17426
2293:939,61716,14206,1211,5010,97499,117529,19593,32906,75359
2304:5550,3348,38984,10617,42410,75389,95096,39219,65119,55339
2318:654,84,76,29,101,1102,289,564,15,245
2335:17,106372,102397,92462,16147,30944,302,22684,654,23910
2348:17,302,9121,654,90800,84939,11772,53381,84,30517
2363:43133,9245,32658,22578,101659,17,302,616,1180,7237
2369:37386,14964,11644,40994,2934,31823,10158,22801,39619,89977
2381:67084,17,302,99981,10141,29,654,58,616,3895
2382:26335,6545,116,111498,1985,32969,71485,16517,69005,109236
2384:4420,6945,52673,17,1119,245,496,7506,15242,3046
2393:17,2139,76673,29874,1190,21696,1377,42352,4727,37192
2394:34108,1555,12117,302,56465,32019,51324,866,18390,66613
2395:17,616,41011,591,91850,64596,3190,289,6310,15450
2399:32634,17,19059,7021,76,226,5522,92520,91609,89729
2405:17,58,302,654,2069,53381,45014,71074,71810,67084
2407:13051,1730,10039,3568,890,4743,72003,2133,18425,53761
2408:58419,239,3,395,726,2868,837,1567,5025,2361
2447:861,358,289,101,29,591,1897,2024,554,5996
2454:9455,8349,11070,109744,106146,34129,11421,6188,105940,83507
2461:29,11459,153,542,2158,518,101,65704,1924,138
2464:31651,99128,75629,3266,327,654,2950,9617,32547,30453
2465:42352,3235,7768,77937,76478,62043,46028,616,58,542
2469:99935,50481,12561,1190,22346,45738,37771,16939,42352,302
2500:101253,57125,76673,86974,20786,37012,74606,7334,106794,35041
2505:17,616,89846,63500,61468,16146,87503,83113,654,58
2515:37186,94761,106153,75737,71742,59271,45221,72415,53349,28526
2518:111172,5097,3568,890,4743,4880,18425,1164,53761,2008
2520:17,302,616,654,58,84,610,8016,78549,12011
2521:52270,5715,109286,8625,9693,12427,26500,4375,78933,654
2536:17,302,25682,100432,76,5867,15,1784,8,3188
2541:4420,6945,52673,58,302,654,69725,63938,89494,65889
2547:27535,19059,15975,23503,67346,17,3588,35630,40143,107295
2553:81086,18939,9134,122207,77721,75486,54440,53316,14479,2719
2558:76,1528,17,661,2153,3211,5557,81,2318,14754
2560:108662,31086,22681,44207,69834,58,70865,67265,47820,33728
2563:302,654,58,53346,861,107405,650,84,15,76
2573:74318,616,58,31048,15423,119100,107683,83269,66217,15201
2591:93648,44480,17,21934,50051,37999,9197,58916,23872,79351
2596:44,76752,40192,147,7477,9906,5343,578,30301,18851
2601:102449,24571,109677,58992,89554,79695,3001,4985,10736,7334
2604:8167,5693,37042,6906,86707,45095,71599,26342,99389,12332
2611:14108,57718,72617,68379,18176,30859,12488,15451,78147,27035
2612:17,302,58,654,861,76,542,29,84,15
2615:5767,6974,99981,37304,16206,1252,8,22070,650,26314
2626:302,14586,92069,84785,12695,616,50191,27272,84,9609
2634:77334,25082,108869,72608,69473,9278,42194,8213,18477,813
2636:103960,70642,35320,119139,54772,45521,102014,115095,101200,69182
2661:2470,29580,45,1405,31452,8020,102650,47647,34531,28457
2666:17,17622,45287,7894,101033,1196,25727,30456,111363,108159
2676:12821,72568,18068,95375,94649,654,17143,3197,15477,37862
2689:17,80208,49173,43032,12407,302,1509,654,616,100148
2693:118736,3419,24141,122548,11796,790,21813,10408,27905,13476
2708:17,83085,69977,45007,25038,654,302,42558,112580,50460
2709:15066,17,1784,57343,76195,16729,11070,616,245,654
2713:14768,1951,40590,88280,115946,114298,77478,57578,53748,783
2715:28950,1727,28387,95211,984,752,1400,37771,16939,1555
2727:10259,24132,29,58,75970,18416,42994,616,2013,61692
2730:17,115579,616,654,650,8,58,76,16923,87688
2731:35219,32328,115866,78936,616,29,97005,74856,45625,33716
2735:19697,61569,35625,66645,12990,3328,24581,32031,23884,72031
2745:77850,7910,6230,13657,2046,3973,23723,3193,8427,54442
2748:5287,1003,113729,42057,7320,5117,327,32274,43178,32514
2760:116620,68497,861,11459,15583,1424,917,153,2158,16595
2812:26084,2905,96526,302,654,39348,42701,10545,97358,5715
2827:8964,17390,7059,2428,13510,19691,64982,67110,17111,43808
2831:53740,43202,43133,84976,82374,111604,76,294,5517,18291
2846:73772,944,44318,75917,53322,302,654,616,19885,101
2848:17,64596,6548,119765,654,616,24323,113938,33304,76
2854:35144,6945,14370,52673,189,42589,90512,19697,35625,1119
2857:12993,32426,122823,122189,109472,109082,100747,67034,66025,39979
2858:73097,17,944,25585,35566,53322,591,29,1424,15583
2861:34070,76253,105990,19736,24175,58924,68246,35965,83372,80073
2871:2715,15992,41383,40846,18820,189,19697,35625,829,1007
2907:302,654,3234,1476,58,84,495,1109,269,616
2912:62896,34174,72990,18289,79174,70989,23359,226,87539,85116
2914:37710,17,510,14516,53322,32328,115866,78936,302,591
2925:15337,54442,12165,69237,5398,16669,106900,79576,57293,41508
2960:8579,8151,17,14108,57718,2644,6793,889,26062,16049
2963:24423,37999,9197,21934,17,79351,25375,361,103436,56456
2967:10616,93750,61569,36062,64596,2715,22484,18208,4991,5150
2970:68239,19841,3874,36743,616,39446,17,58738,17717,186
2981:80482,31528,122038,96769,91638,70375,25683,29,25007,87503
2989:14528,10736,4985,17,2483,28435,51108,116437,86805,79486
2990:22420,29000,13581,110208,16993,112631,74540,61447,7499,101842
3004:168,122085,75432,39219,65119,55339,3601,33261,4792,8860
3013:82139,72425,16881,92129,8772,38663,101770,99415,8427,4755
3044:59031,5702,5987,15540,4135,40542,39285,302,81,58
3081:30056,32581,16833,28651,54538,84077,73489,42534,40757,30221
3100:64596,302,2326,8411,19369,29813,37496,616,101,554
3105:24323,113938,33304,4904,418,238,861,591,153,15583
3107:47522,31150,42504,24918,11772,80468,11070,30095,70,26644
3110:4021,16763,8826,35716,3956,40850,13039,14181,48341,16359
3111:53498,81032,12117,51324,10640,22686,9180,57173,1681,24981
3121:66463,8,83014,54386,27795,101,70,861,875,239
3125:17,302,18319,654,6073,10011,15615,21911,41184,20183
3129:302,616,10847,24744,76,8,69550,29,86781,74318
3144:57528,38046,68700,97240,52401,64886,38546,120206,70024,119224
3152:13161,28552,84751,120759,103505,74097,66945,10308,13776,19618
3167:122808,100820,37192,1377,4727,34500,1784,11070,21631,19715
3169:21632,24836,55604,654,302,616,12967,116834,100036,98589
3176:35891,510,1267,34271,616,58,120285,53322,37304,2739
3183:10692,10302,59009,46844,4093,6901,1651,26437,4146,28389
3184:8935,96902,111704,108727,53060,14452,5145,8694,4589,7548
3193:58,8,76,15583,11459,518,153,2158,138,16595
3220:92026,64547,10727,50051,58916,23872,109893,104574,616,76
3229:345,102919,53452,33118,9396,81,31460,301,30756,23089
3234:2560,76510,1102,26350,19164,302,1762,17862,122677,76560
3246:6412,1753,3765,25506,111258,100316,84596,53317,115853,53716
3258:17,58,654,1389,8579,8,14108,57718,84,29
3263:39980,3223,65704,12509,22851,11251,28926,90231,28953,96720
3279:68164,5739,43457,41391,33814,67709,22653,14842,7685,4737
3306:48942,1651,6901,9557,46247,13782,71328,31739,8927,118549
3308:90155,102068,92404,15320,34795,9022,889,6793,26062,16049
3309:302,616,23963,29,84,53322,650,76,70849,542
3328:616,5287,22851,12509,11251,2545,113729,44,73121,70322
3335:30944,654,58,616,61,8411,15334,19369,29813,37496
3346:52705,81866,83378,427,3476,47459,88328,73472,1985,32969
3352:103886,95228,16952,6793,889,26062,16049,17,119303,97569
3353:16624,16385,108422,33952,1099,67872,11588,12455,5142,120836
3360:8276,112569,38479,52393,14683,53480,88802,15419,105071,96378
3376:1747,11884,88371,87556,27648,120102,77754,41085,31143,5455
3386:28120,48538,12253,14750,79926,76945,52807,20555,100333,34156
3411:9536,66463,111796,21285,564,17,654,13009,20119,5702
3413:15992,3233,17,44318,42352,75917,47768,28524,77086,1256
3419:17,60302,6159,104497,7573,654,6231,11479,616,62247
3421:17,84,861,64596,76,8,85885,650,542,394
3426:6130,65704,37999,21934,9197,79351,25375,58,302,23625
3428:31854,17,302,45953,27608,2267,22580,58,40552,10154
3429:91850,302,944,654,53322,861,9245,76,32658,22578
3450:104310,53381,64737,7403,94417,62550,44696,110458,87696,54506
3453:116870,69911,39389,103435,101987,97229,85374,73794,67544,49205
3478:68402,3576,510,650,84,1555,8,15,591,101
3479:44407,84264,86384,84706,71689,5706,89114,72699,22719,78698
3480:39265,302,17,654,28926,96720,90231,28953,116336,23933
3490:17,53322,24218,53938,1995,84,591,289,1424,542
3500:654,616,58,3874,8,59623,84,14444,112826,43133
3514:45919,64596,33872,302,24218,53938,54695,616,32328,115866
3557:14439,168,39654,17928,24125,135,719,29475,1251,54693
3579:17,14047,30944,239,29,726,837,395,2868,1567
3593:9360,26058,17,100530,53005,15491,703,116534,105303,84025
3599:15133,51769,60430,63415,106171,71319,49495,31797,107107,70587
3609:17,6130,65704,302,13420,7573,6231,2389,10947,37605
3610:45892,26076,17,27632,22135,82283,1164,2008,21696,1377
3656:889,26062,16049,17,32872,99080,87758,24798,8765,64981
3657:75113,17,44,76752,40192,58,8232,10491,5940,109368
3663:58,1924,84939,3188,6159,542,76,43133,11070,104497
3674:70849,302,58,104497,41638,518,8,102718,35797,1550
3685:67843,105997,7716,26233,10039,13398,22801,39619,89977,115140
3686:15499,107761,88124,46540,25230,14635,5767,5292,3599,3214
3692:13342,35632,25003,48211,17,289,322,101,87820,554
3694:115327,110575,69948,58145,370,13901,810,14328,7407,52521
3701:35219,55543,98266,103795,1234,654,58,302,616,1762
3717:17,10616,1784,30056,43133,654,76,58,2028,84
3721:43133,64596,616,500,654,58,80544,98433,42320,27425
3728:29384,22555,108265,44996,21244,111796,3203,5781,79096,74038
3735:76,8,29,71074,60430,104497,24132,19715,138,1190
3736:13166,535,1913,327,64734,59151,40263,302,122488,107835
3751:92663,21946,17,616,654,58,245,76,8,29
3800:43755,654,302,1102,71810,58,75072,68917,61,542
3811:75251,64666,117938,66796,62094,55891,54909,15545,100022,19561
3820:17,64596,58,616,51689,119296,117968,650,8,76
3846:50024,104020,30838,27137,654,64596,17,1444,1595,302
3849:616,58,8,866,7901,21934,37999,9197,79351,25375
3850:1295,15423,116620,68497,6623,47530,654,29,58,616
3857:239,395,2868,1567,5025,6284,2361,14758,12632,9480
3859:9142,17,80078,616,302,58,29,77222,45435,29334
3862:11070,944,81950,53851,53322,17,6793,889,26062,24740
3888:86391,40315,122005,3086,27907,118341,1555,12029,63040,44318
3911:117688,109491,87229,2709,17662,68322,59872,57549,33179,29333
3921:81,63922,98,4588,986,105997,18435,1784,7017,11772
3929:30144,698,93113,114374,3203,111796,302,69703,89141,106036
3930:17,40344,49354,91121,5832,2548,14793,29,69263,101109
3947:2560,76510,53715,908,2950,72372,88605,93036,302,303
3950:53322,302,54930,32431,654,42320,80544,98433,27425,861
3962:19059,102833,80362,17,26794,103682,82952,80972,72439,67833
3974:7008,103304,8694,15995,47366,25629,81362,38716,8258,2303
3975:17,45014,302,654,5767,58,97322,65405,1252,650
3988:11772,81,46823,9121,6623,47530,986,17798,6172,109987
4009:46276,11070,64438,39074,1954,5637,20144,54659,60374,20121
4028:97902,34910,81,111796,3203,47530,6623,11268,97068,67068
4031:41672,12150,27642,7311,219,363,10769,65986,17,21890
4053:44073,17,32,302,736,85230,654,4802,24801,105760
4064:84939,11070,302,117301,85336,654,861,41385,238,564
4067:17,53322,58,36062,64596,654,861,28764,9634,8
4069:44121,53381,43133,91850,3233,510,650,1102,273,22346
4084:65704,17,861,510,654,53322,29,15583,11459,917
4091:17,302,654,85548,69412,7894,101033,58,616,29
4124:22843,79502,1867,37436,116164,20055,12779,58620,19745,168
4132:17,6805,302,616,944,58,654,17925,3874,8
4138:18208,24378,17,70,25580,74880,108260,12151,108218,57747
4158:2028,15992,5287,2545,113729,14790,77175,20707,877,760
4164:32162,19715,17,27024,38899,46373,110317,11436,25812,17558
4177:108691,82914,39291,117418,18081,616,17612,17,873,736
4179:17,302,3197,17143,15477,58,616,2626,2030,84
4184:64596,32256,53938,54695,616,15245,88096,38414,26828,40367
4190:109348,56695,30592,5085,20194,70490,20154,82780,115383,108030
4210:66463,116620,68497,17,58,16625,20013,101914,80918,74783
4213:302,654,84,7820,861,289,354,76,1102,273
4237:24057,113982,110401,61530,38535,25968,55289,72445,28926,302
4242:100505,31651,17,1190,116620,68497,42352,1550,302,44
4249:39654,17928,24125,14439,9375,24803,55272,96095,62793,297
4269:18301,17,24323,113938,33304,1679,104549,95487,17584,58
4273:1784,11070,1730,33739,56358,121395,54011,10039,5097,890
4275:44318,75917,17,13512,22280,61430,72881,46283,33333,113483
4277:17,36097,42908,96291,89260,58,654,59457,591,18849
4281:17,53322,30683,302,58,57827,63148,122442,91072,47746
4301:17,11070,302,654,616,117622,7774,65914,38615,33108
4303:8531,30399,32019,18390,3291,118660,89599,24323,113938,33304
4304:302,43133,91850,11070,84,8,94112,43028,239,301
4344:17,58,302,654,591,861,4195,10205,48486,29159
4357:17,4204,13396,9309,103,8626,3879,121452,116656,80269
4365:53304,95363,102172,2666,9375,58328,109146,35434,30849,3457
4371:6507,8959,15727,73971,93409,16385,108422,37542,33952,12455
4372:889,26062,16049,6623,47530,25580,13106,104566,63250,81
4399:17,31651,616,58,1056,105340,101982,58237,56233,5035
4400:3249,22980,13294,853,40390,24968,27293,3657,75427,17
4407:35891,10616,113808,77971,74034,72272,10179,10215,58,616
4426:4455,95591,42487,50294,29047,12906,85105,35303,8764,120437
4436:13166,18289,23359,28248,14528,11670,10736,4985,44797,33619
4457:64391,38943,34329,73070,66383,30198,3139,61158,3523,14716
4466:17,3233,42352,84,861,1542,15583,1424,18613,59401
4469:17,650,654,65704,29,542,8,289,76,554
4482:17,302,53381,67084,58,250,6191,36733,102555,85645
4507:5998,114505,71702,70687,53263,20318,19699,9797,5200,31140
4514:88492,24467,19478,16669,104310,535,38338,22917,100505,2934
4517:11987,302,1102,58,616,25415,116300,111918,71650,30952
4522:26509,214,115414,3522,4671,7622,89,311,20741,28122
4530:121944,46379,16180,11142,101048,20085,93834,49372,654,17
4543:26318,76673,11070,1937,17201,67940,59858,76752,40192,24323
4562:82867,6566,76329,12063,28124,69835,29147,28599,120667,61310
4578:43649,8004,6726,46191,225,17,861,7003,591,12100
4588:17,75970,42994,18416,22070,25549,1285,41184,20183,55798
4618:50460,34565,4732,6142,63040,4513,3233,6812,61939,42352
4637:3926,85219,75969,66308,33413,112559,100737,80020,79749,69811
4640:73337,23980,3233,42352,58,34048,40691,72764,108687,108267
4641:12990,189,61569,17145,8454,105650,113702,93630,4825,5624
4642:4133,35143,35891,90552,66463,5767,6623,47530,12117,51324
4651:2326,19369,29813,15334,37496,17,2499,4702,6807,27564
4665:654,15720,63060,30606,4731,58,616,3937,2947,20405
4682:57448,22920,37778,14714,122821,58088,30726,11783,95041,102750
4702:13617,5197,67691,3509,83972,60121,47507,36929,34813,7386
4730:26405,115837,90391,34586,10462,35609,10821,302,112496,48983
4736:75478,875,302,6450,4420,6945,18745,58841,120480,93506
4745:17,302,84,64596,11070,1913,564,5767,40263,101
4749:9806,78105,14035,17123,32205,54038,43893,534,63512,85561
4762:8694,15995,47366,25629,4737,81077,27829,13064,17,1549
4774:58,616,114,650,138,76,4288,301,37600,518
4779:18056,8543,813,45562,67110,15433,5882,17111,7974,36711
4788:302,58,123286,78984,69079,50542,46343,21331,7532,654
4794:14628,101799,42608,26541,25314,16616,4240,70182,45041,30734
4797:1102,518,65704,564,11459,5025,736,917,2158,32
4802:12782,11610,4956,32541,29910,10338,122826,109755,66539,43778
4816:103426,44711,29402,10491,8232,120807,116849,112564,91755,80953
4834:17,22994,302,1389,8579,654,58,245,33288,1190
4852:103304,100300,93113,11070,81362,38716,8258,2303,103716,92286
4863:21650,85303,4133,35143,122216,17,650,84,48361,302
4875:35219,22681,654,32933,16076,118040,74940,38189,17201,67940
4889:82180,11070,358,246,8457,1116,5996,8355,8788,654
4894:4880,2245,32282,85433,49111,108576,96821,85560,78662,12055
4919:1190,42352,17,24323,113938,33304,19340,28631,7914,101763
4926:28221,60284,15012,98975,97735,90374,79350,68777,4902,6849
4944:78010,52041,33050,378,113789,30117,94029,55065,43510,2504
4946:39258,8166,14355,41372,55962,49591,15829,10677,89179,40090
4956:28950,16669,59031,10039,5097,890,4743,38137,30539,15371
4961:101109,103715,26436,69427,30143,12652,28198,118760,118180,58383
4986:58917,108843,97264,11070,17,1555,6623,47530,1252,1834
4992:83173,10259,6159,17,59978,4077,72971,78396,95389,91356
5001:19059,31651,17,30575,15778,56465,66613,302,15921,18139
5006:40167,53381,74318,80468,103426,44711,29402,17,869,1231
5007:3153,33348,1003,2545,90878,113729,43332,103540,20302,18224
5018:24626,8438,6858,9241,107831,60873,654,292,6598,13447
5031:75970,42994,18416,44,76752,40192,302,861,591,654
5039:36263,31492,10536,4421,104746,102559,26848,16036,3506,1002
5040:43133,17,7479,61939,37552,302,396,36233,44336,6793
5079:616,58,250,2267,22580,51712,32328,115866,78936,289
5086:114374,11070,9681,6051,78610,500,22002,17,76321,61140
5107:70518,17,35469,17660,19295,21144,22880,61303,50147,27440
5119:50589,97091,10308,10442,13776,39141,21068,302,2965,48156
5120:14528,3001,10736,28649,72966,42333,11701,77262,48552,866
5147:95501,15782,59292,861,88939,36743,58,654,15583,1424
5176:875,6450,4420,14370,52673,32328,115866,78936,23768,108128
5188:1256,10370,25702,28773,117097,104236,56254,45816,1991,3864
5207:10259,47534,33239,29017,58113,105986,105497,102450,94411,81304
5208:17,13423,98398,9677,12693,119465,108592,51153,861,107152
5247:84377,100148,55215,53538,8948,101620,75255,67427,39839,17
5271:36535,5769,75582,32768,12129,30279,68355,23376,2902,85496
5279:17,19059,302,591,2560,76510,1424,11459,15583,153
5288:35891,3233,42352,6793,889,26062,16049,18452,41385,22645
5294:17,61716,10130,117882,18208,24378,1211,5008,302,2162
5299:58,654,31048,15423,616,97964,5300,68554,63913,22161
5300:44923,68502,17,5303,3884,22681,358,1102,354,302
5309:1050,10384,4420,6258,31517,24958,6945,93030,40777,73005
5329:4420,6945,14370,77881,25479,52673,26312,7021,16919,98291
5361:6030,17,2338,13704,29,518,42701,24798,8765,64981
5364:10305,7450,21442,57734,10033,4871,82927,119835,119774,112285
5378:10229,39157,302,65704,8,3188,591,22681,29,224
5385:12061,6315,57650,68917,875,8,58,616,7067,13832
5387:17,45919,97322,65405,650,24323,113938,33304,76,84
5397:616,29,84,5575,7841,76,7243,4423,8156,36128
5403:7064,119583,19059,654,58,1325,29,51712,650,76
5425:673,17143,15477,17,554,1804,4174,73,530,302
5433:117694,67860,15791,32906,51412,86241,23408,3588,20324,7400
5435:71206,782,17,370,1102,13901,7407,810,14328,52521
5436:9617,72372,2058,77616,85293,1649,16024,109161,88367,56787
5438:57545,302,10673,93655,92631,65475,51809,24811,39006,654
5449:119331,107511,12875,11529,18205,2479,11754,114065,102412,71329
5455:2294,113941,7768,11070,17,18390,32019,302,79702,57447
5456:19059,37009,41840,118517,110273,106751,84513,74719,72912,69360
5462:27910,889,6793,26062,16049,20558,32791,31428,109058,121663
5472:71074,16286,3498,51665,12116,54389,47530,6623,32737,43684
5474:96629,50451,13430,4514,302,69550,58,35891,22681,72617
5477:37419,88419,78569,64461,109394,81851,804,70014,21659,95106
5479:47442,24645,18452,41385,75602,22645,8474,23377,83706,69855
5480:3188,58,84,616,8,6499,4737,13064,81077,27829
5499:67043,85556,105997,11772,60302,71074,24132,37567,3498,4548
5512:17,1145,627,11070,616,654,302,58,22346,121918
5530:42268,2267,22580,10616,10215,17,1139,9681,6051,27179
5535:26273,17,6303,7736,7031,40496,63621,59899,51645,18872
5542:19670,83269,66217,17,24323,113938,33304,119,431,654
5551:40263,361,22856,62347,22507,616,13390,6632,75002,84709
5580:43133,302,654,616,37304,16206,58,29,2294,15514
5601:17,15583,11459,302,153,16595,20440,418,108914,105609
5611:51975,2788,112950,5418,69591,302,84870,45876,29274,123
5632:17,302,654,58,627,2267,22580,591,84,76
5656:302,616,654,1102,4626,10874,50931,19703,84825,49647
5683:64427,96922,8786,75461,43332,103540,20302,1013,28387,1727
5702:43133,616,12282,92031,87303,12860,2065,10198,74612,56140
5707:29254,3172,1352,8225,2880,106538,56030,35994,6601,11725
5717:56187,35494,40568,73193,33385,54442,82704,69237,88259,59083
5722:17,13576,302,69971,43724,22613,19059,56691,654,89554
5741:18416,9806,54700,4641,4309,3197,15477,17143,58,616
5765:39997,1790,40552,10154,31797,56880,17,4245,3552,121404
5780:17,302,327,11959,82225,99857,58,87503,83113,84
5784:98433,80544,42320,27425,17,289,19195,104036,99738,97537
5798:97546,118695,46258,112630,101733,89987,77627,69738,44872,34482
5803:53381,29874,29,84063,69622,76,8,1102,289,138
5817:17,85520,68601,1905,58,30844,19059,398,20490,116678
5834:45621,113388,60166,15540,5702,39285,17,5987,4135,40542
5858:19670,168,719,11070,17527,76,49017,56496,7711,984
5863:36864,112247,107528,3578,14373,9370,76411,56191,28742,226
5864:19059,17,302,52705,81866,866,654,826,1649,16024
5865:59396,90360,74238,114018,78918,57977,56232,104129,81079,44196
5876:185,24738,16514,120705,67790,2200,6812,2838,2360,8
5884:17,101816,18496,654,58,302,105653,53882,616,101
5890:7610,2789,28183,9004,112120,66342,63373,26967,17,21610
5923:18435,2483,51108,28435,79486,116437,86805,18612,616,17
5956:302,104721,58,654,105580,8,650,76,289,84
5964:17,48703,46081,58,20794,22894,121970,108643,63912,36523
5990:87258,43133,17,245,14920,4741,39442,616,302,654
6001:8252,112433,122085,75432,719,22801,22333,39619,89977,115140
6027:75427,33060,56243,49084,37889,10898,58,1065,42701,5715
6031:21816,14642,6974,80208,74776,49173,46666,43032,12407,6673
6067:108260,74880,12151,96913,17,12133,23123,92358,83174,6369
6076:17,5673,62301,43709,591,6793,58,889,1424,103960
6078:32826,17185,1495,15921,18139,12724,51517,111815,93654,75233
6093:115021,98257,20053,47483,47090,25805,111475,115220,10753,12764
6118:21696,1377,37192,34500,4727,29960,45147,1880,12498,1256
6135:120772,2318,118487,2798,5184,11780,20889,68038,15422,13129
6137:58,302,650,103960,70642,35320,119139,289,361,363
6155:371,15992,89833,10370,1784,58382,36235,47968,3086,13031
6161:1905,4239,104923,81133,18289,73805,23359,58354,14964,11623
6162:119031,93307,32328,115866,78936,17,289,76,654,554
6164:61651,66439,122912,12463,48507,15944,2136,37605,6231,7573
6179:73457,100521,3224,10981,603,7268,96949,56022,533,5975
6186:1618,8739,6215,17,34700,2308,7743,11666,36854,2002
6192:22490,31528,37042,86707,25007,7482,17,89802,58107,76
6210:17,6450,4420,6945,14370,52673,1102,302,138,518
6228:18355,58,564,24798,8765,46676,64981,35475,88021,302
6270:21546,40552,31797,10154,57994,38331,12670,13277,115432,78641
6271:654,58,3234,239,726,495,616,4828,395,4203
6298:73007,114461,46264,20974,65734,17,889,6793,115327,110575
6301:17,10972,25585,34271,35566,120285,108787,63383,32239,616
6331:56652,15992,8826,3956,1555,6623,47530,1252,66439,112841
6336:4825,17,109744,106146,34129,1352,931,38204,10687,24985
6338:3374,7820,2675,71074,12116,11070,3498,34182,302,47846
6345:10215,47968,10455,120285,616,58,245,8,302,654
6357:22681,104497,616,654,50589,97091,58,1102,24323,113938
6371:17,4897,42684,50559,97381,22886,654,101704,87530,64489
6392:24658,27254,11070,60487,34695,6623,47530,5812,17,17403
6407:24979,1527,28621,104662,59423,36360,30043,81,11665,85556
6420:24369,9326,57634,42088,23491,2155,22051,73176,37106,18748
6450:35219,18139,12724,51517,105053,100094,51491,20080,58,97499
6475:79361,17,302,96714,66256,9401,30013,33567,616,74910
6520:37567,63563,12761,103724,4140,3498,19931,17,75029,58407
6543:19059,104497,17,21537,32328,115866,78936,108344,103256,62488
6555:10259,58,654,24323,113938,33304,8604,14157,16041,107941
6565:37522,27071,22006,8439,110247,78244,60951,47823,46041,29737
6568:465,34070,47456,24553,22232,3196,840,27443,4660,2548
6587:18438,62460,1822,5343,6511,21929,19233,30301,8964,151
6593:72694,64596,17,510,53322,473,57635,195,67460,57208
6597:59031,48942,6191,36733,2245,32282,85433,49111,2528,76
6641:17,14586,22681,302,114815,58617,58,654,8,616
6642:65522,17342,81112,39419,25322,9099,64596,10860,13683,58
6655:11887,28950,23980,7573,6231,37605,11479,1995,16024,109161
6676:53322,27705,43370,40783,19766,17,7905,17123,32256,53938
6682:84,24740,54107,96054,5404,239,58,3,726,616
6723:114275,7235,46771,29783,4119,28755,20055,116164,81041,36282
6725:72224,33967,17,302,3885,98547,95167,84381,72280,48490
6728:112702,66108,121792,85384,38122,69961,108715,99595,81442,58
6735:17,19670,11070,58,10181,616,15869,104721,8,84
6736:17,28988,24543,114201,5579,19540,12253,10075,8197,14750
6749:5917,46618,31774,168,40369,50125,91278,62667,37436,20055
6773:72990,79052,7515,875,616,6450,1119,3654,4420,113259
6793:17674,123195,118986,84527,79328,12129,111538,35307,40597,35534
6843:4671,1252,302,8,6503,874,64825,13051,6987,92253
6851:53804,19697,35625,38103,22705,115652,102362,71436,10096,38204
6886:53322,6680,104497,58,76,616,1190,42352,500,84
6895:15568,10947,112254,49241,866,1649,546,16024,109161,88367
6898:11070,17201,67940,59858,1970,3348,10617,7153,38984,51733
6932:61790,12559,28479,6073,21911,95579,68997,121283,87159,69241
6933:82584,63146,35136,27277,17492,85872,43169,17,114815,58617
6939:17,43133,31651,35596,302,58,44193,27397,12117,51324
6948:14610,102171,56195,6302,4589,3514,1007,769,100224,74415
6960:17855,87207,22097,98181,11782,5336,61072,30823,14514,26676
6966:3770,103304,25398,81362,38716,8258,2303,42150,107013,82452
6977:28103,10561,473,57635,73688,61626,79831,64429,195,46679
6984:53992,57053,69814,61451,41738,9622,45343,90680,67782,24141
7005:70100,120763,98387,107771,13457,76,15,654,21394,61377
7019:114495,113512,10616,10215,17,2162,21757,76842,73066,67941
7034:17,40263,58775,33288,73418,65480,18543,45615,41690,35025
7035:7411,49084,10898,107027,93043,2566,36042,2000,3115,21724
7053:114275,59292,25335,21631,55476,96157,91887,79591,55211,37482
7059:6256,93033,984,109940,58298,661,2318,9874,8860,1326
7112:75057,120102,2449,34116,107052,81729,71443,1382,107310,103280
7116:22667,3726,56737,28791,21111,17,10175,5301,116,2526
7118:45014,5767,1252,616,654,85370,58,4919,357,24865
7133:10616,10215,1981,616,58,84,8462,16978,24335,60100
7159:23254,101,554,302,654,22661,1804,40243,73,2469
7173:18525,302,17,654,58,15,616,285,7841,1119
7178:25588,9974,302,33580,322,363,268,116,2375,120779
7183:65160,17,10216,82681,22315,19757,30528,5490,19531,122140
7192:12529,108197,616,7573,58,37605,11479,8,76,29
7203:19206,31711,33872,11469,8360,9462,6311,5975,38238,603
7214:54886,86294,46287,28705,18253,4420,6945,52673,12061,116545
7224:10291,30139,40898,24653,31318,14087,67940,17201,59858,17
7268:17,616,15,84,289,101,7812,12908,1102,18781
7294:14108,57718,83748,66689,25722,5598,17,99915,92674,63425
7299:68601,28197,302,423,118660,89599,654,616,58,104006
7303:83785,41588,22110,121398,74118,46289,41595,27309,25113,21679
7346:33921,40053,83533,63415,3381,508,16669,77850,4320,8976
7356:99381,76752,1937,40192,30976,40319,27295,3438,104908,91114
7366:654,76,1102,94428,616,58,19755,22184,123310,121118
7397:17,861,591,6073,302,15615,21911,95579,68997,121283
7410:113000,11772,81,20396,46621,34829,22823,112076,82004,35745
7414:6278,19877,37780,775,19687,107206,11811,75418,81,5553
7444:87034,28924,16421,8985,96081,82383,74014,41859,15885,9039
7467:654,58,302,378,113086,100262,95830,94825,35103,616
7488:64596,302,87435,50070,91121,5832,38134,93141,43618,616
7518:123039,32826,87785,66463,67442,59326,327,2139,908,33884
7519:10239,19715,64734,59151,12022,13668,113071,70335,68499,42455
7556:67880,48210,25740,901,47738,42353,22059,103730,698,20008
7572:24369,11070,168,28387,1727,95211,81590,71896,35319,24644
7586:16929,16939,37771,168,719,760,66892,57889,122809,27708
7590:44144,32256,53938,7573,37605,24218,6231,11479,54695,121772
7603:109468,54392,45707,117685,105885,86362,33267,3194,3853,84284
7605:630,14424,95194,34936,51865,39595,6431,358,3133,40863
7607:44115,13511,85538,30188,86744,9093,14636,20931,1636,905
7637:24132,7516,34610,20969,6836,381,1444,42137,28402,7917
7661:44827,104497,17,1382,6535,17364,116424,114267,108614,105376
7678:3107,1352,111353,23191,61569,32556,13338,1206,14401,6601
7692:27293,3657,75427,56243,49084,37889,10898,2266,182,3588
7707:1804,73,530,2469,616,4669,1313,2542,10247,3160
7713:52749,236,5457,1912,4092,654,4075,8861,14750,22801
7741:944,2267,22580,17,302,53322,32328,115866,78936,25229
7742:4174,1313,11881,13458,7270,6513,65615,10415,302,654
7743:64990,58718,18390,67012,59669,6177,19715,2139,79217,4730
7751:4420,6945,14370,52673,654,29,58,616,285,48
7760:72990,87667,39551,22232,27443,72988,99248,90866,62729,38965
7813:73745,121345,106238,364,2083,9387,39134,92782,50467,116349
7818:37600,43649,6726,46191,616,17,21934,37999,9197,79351
7841:110635,8579,8151,1014,33739,121395,54011,14108,57718,58
7844:104776,102717,99471,95881,62435,60636,34839,16819,4369,8462
7850:5612,39654,17928,24125,14439,103348,94406,24312,16304,7664
7863:1048,117622,1190,42352,94900,89545,74736,118441,101232,85616
7869:22646,103304,25398,42150,81362,38716,8258,2303,262,9462
7888:17,10308,13776,87143,35219,58,11664,36733,654,861
7894:50605,51485,22952,2822,4858,111136,95086,83303,68851,62731
7915:17,302,616,273,58,84,70943,57570,49871,29
7946:82411,40552,31797,10154,58,17,59042,302,1382,654
7949:42352,8151,14108,57718,85286,17,1508,3071,12375,35788
7951:10491,84,5940,58,109368,97949,59983,52757,616,29
7962:8,289,29,92069,104497,66463,64596,650,861,6793
8002:33472,62607,5323,2028,101069,33762,15992,1003,2545,113729
8023:52695,30171,6417,79909,12344,69277,12716,40896,35330,31535
8032:11584,64941,23457,68914,37671,32244,78884,12565,76386,30278
8054:5202,37419,92129,28511,2139,12074,71669,34939,4880,43332
8065:58,53322,861,18785,650,76,5867,13722,71074,23980
8068:11070,43086,52449,10787,48016,25521,56900,18213,5962,18975
8069:3207,970,3506,25783,9490,9217,10046,33639,7817,5108
8081:86744,189,19697,35625,118831,101608,55526,47252,44076,302
8090:29202,8287,81028,58,616,84,3,837,2868,395
8097:51052,91177,68806,44970,2048,104062,103027,82759,21157,19450
8103:59438,25751,105169,93689,41180,18937,41878,73155,80047,110789
8130:3521,112224,116922,63596,53092,42945,17,1534,5740,13285
8137:58,64596,29,861,1190,75562,14832,119720,58837,18057
8150:17,302,41783,24323,113938,33304,99453,97285,84446,84068
8163:13420,10947,112254,49241,546,254,17,4068,13390,6632
8186:37150,875,6450,518,58,4420,108571,654,6945,14370
8206:47339,112714,112346,30705,29658,29638,65599,9462,96949,56022
8224:17,79703,68530,52104,302,84,58,654,289,616
8229:91523,61377,21394,17,58,302,29,55822,616,11371
8264:9407,96367,46112,545,102018,87838,68510,1758,5857,43014
8270:1650,12463,48507,2136,363,1109,5548,2831,1591,46406
8276:45919,17,58,616,84,6849,8811,69683,121772,108205
8287:115552,71074,23950,1758,545,1747,11884,88371,14597,21376
8310:44227,6224,4341,40335,47188,118230,99167,108999,3033,120656
8326:73954,58648,99992,90981,57836,14392,7776,394,302,76
8343:40454,790,9346,97129,26819,24141,122548,11796,26748,33758
8347:616,13302,75322,10479,32025,114931,112391,101,29,11767
8352:11070,25740,40142,25368,17,99915,92674,102637,96181,56465
8380:36502,14790,77175,20707,14754,1013,23699,74610,27602,21132
8396:17,302,58,616,1509,46330,80638,107628,74779,74880
8406:19697,35625,53549,51698,89151,17,14685,378,4362,61272
8449:107332,23191,35625,19697,117853,66941,63495,56308,43512,12918
8477:189,3172,19697,35625,88403,79207,49426,48534,17,34747
8499:59615,47968,12029,63040,371,10370,25702,17201,67940,59858
8500:4455,120437,114133,33137,31820,60193,8418,50294,29047,103447
8513:9057,13776,19618,30316,7145,60350,17,67481,4968,111491
8530:17,302,1424,153,2158,20440,654,52172,68897,90552
8531:302,58,76,8,29,5550,7153,564,650,10617
8569:1527,4825,9455,1352,10041,189,3328,38204,32031,12016
8581:117815,5867,698,20850,10075,776,13087,12379,12892,79573
8582:1424,15583,837,1567,11459,917,2868,153,2158,16595
8636:31528,6901,26437,25007,10302,4110,27635,52549,93933,92977
8660:17,87908,60519,114580,64596,58,616,84,76,67460
8681:72060,86177,64596,302,654,30575,15778,84,1127,8166
8692:63933,42354,105997,18855,47522,25569,6623,47530,5812,94183
8718:30162,24369,96589,111500,86744,1400,20495,12161,7235,212
8719:122221,77157,25374,500,22801,39619,89977,115140,5812,7305
8735:654,29,10047,673,36292,17,3244,616,162,21933
8746:19059,100505,302,1555,13488,118304,76889,47806,616,34088
8768:39619,535,89977,115140,115265,87186,43587,41383,40846,103795
8771:17,8,861,14199,302,58,14173,94751,29734,119385
8774:44632,50153,7477,5343,30301,493,2615,15521,2535,6868
8788:43516,58,89973,121971,64596,29,84,76,401,470
8789:117014,40552,31797,10154,25987,37709,17692,21631,119009,10687
8790:74453,104630,82551,60721,40518,16158,111815,93654,75233,38488
8802:654,302,2061,25204,111885,94863,71277,61361,52639,49613
8825:115032,85298,81611,7795,14750,4756,8197,8861,5080,21171
8863:66463,302,50589,97091,97322,65405,58,654,861,33476
8872:33832,50460,17,510,53322,3367,874,64825,3514,377
8877:17,510,302,616,654,50589,97091,53322,58,8
8906:7064,7017,17,56465,66613,302,76,17201,67940,59858
8915:17,36062,64596,3233,1880,12498,42352,931,302,94318
8916:88016,57740,55359,52967,16619,116990,99993,54755,51694,418
8924:110480,64656,535,96026,74516,42057,100853,100008,97903,84488
8931:19356,302,98160,654,34271,120285,114,58,3884,2950
8935:18064,13512,61430,46283,33333,72881,113483,4481,107662,104728
9000:9933,44233,17,554,1804,302,4174,2469,4669,1313
9085:14444,17,40544,62418,48055,50594,6608,63275,899,96808
9096:60034,19697,2880,35625,1267,26610,65515,8791,81111,59016
9098:252,61503,60269,51850,27970,56465,66613,23339,28222,91167
9111:21902,79423,25727,4517,35044,34632,62,14104,80038,77634
9128:58,654,616,74260,45183,26410,8,84063,69622,29
9135:72766,32502,3448,17,8861,4756,8197,11579,70283,81839
9152:86974,43133,11070,3233,119328,92973,35521,42352,52705,81866
9155:120467,120221,103001,86151,66983,55433,31210,17740,14154,8409
9157:34070,107533,57971,3034,7926,6311,7268,5319,1337,36922
9158:3717,29491,70551,90731,7272,43198,34184,76373,76092,51088
9171:1145,9575,34260,72481,54574,44873,40450,97322,65405,889
9173:20988,1039,2101,21949,7451,23010,66260,13322,98777,55185
9200:52378,14671,4621,3787,70182,45041,30734,14628,44407,86384
9225:80402,1077,34070,35219,22917,80086,102168,66193,31344,4445
9236:11508,17534,57079,54549,40884,34433,27013,22654,14740,371
9237:119594,41256,11070,29,112303,43707,76,84,289,1424
9245:25222,20129,123256,106399,96690,90039,83876,9194,17264,90299
9256:94580,1145,36235,7001,20486,97504,57903,302,13512,2484
9291:22681,66463,100163,121185,78935,616,99915,92674,2267,22580
9312:5867,95575,79214,78114,96026,74516,42057,302,654,36088
9359:12559,35596,58,302,654,41911,8259,99520,54958,86087
9364:31120,23071,1645,17,57858,28157,21143,654,302,616
9369:168,92129,28511,75389,117451,102067,88406,70415,69267,63233
9371:8151,14108,57718,64536,38794,1119,302,654,58,27070
9400:58,861,17,238,82081,84778,74870,40604,302,236
9431:815,22004,83478,34689,26696,700,25388,54860,17067,589
9437:99009,79502,11070,45095,71599,99389,10048,5053,5962,18975
9443:302,58,21725,70834,50137,32898,84,654,8,518
9451:302,9572,270,8398,34958,63289,92582,114557,105062,94823
9473:29335,52866,59924,33851,8484,63451,37545,59730,40825,28416
9487:14155,94112,43028,17,654,302,1102,22070,1285,25549
9489:43133,19188,12469,86935,35249,28321,17,7672,6580,35203
9494:122044,118408,103614,27094,11714,189,14900,26698,107697,78389
9507:120243,104557,50007,28668,112288,103347,45033,27596,53415,116579
9525:11987,17,1119,1187,8166,50906,112249,58000,26263,3245
9535:3054,8167,45095,71599,99389,76321,3477,31654,31879,698
9538:91850,17,58,1325,51712,302,6040,14785,23963,861
9580:4072,36012,43370,40783,19766,21934,37999,9197,79351,25375
9590:17,104497,302,58,1267,591,116620,68497,37304,361
9593:39267,68239,4444,17974,20768,77859,79508,41184,55798,20183
9606:51500,65515,86476,22014,88228,43170,42278,110925,189,120845
9612:22681,3429,294,6546,4886,1217,9597,5239,7166,9215
9630:11070,119215,111240,75389,37771,95096,16939,984,1400,62472
9665:64596,17,44,76752,40192,84,861,58,591,29
9668:9289,189,35625,19697,23406,116667,73450,49080,19439,6539
9693:10259,9789,6005,118508,71498,17,302,654,58,29
9694:40263,59031,32479,76,93718,2848,698,1002,51468,29409
9722:24848,78377,25430,17,8651,82987,50138,27740,8597,17091
9727:39860,46178,83977,77905,41064,49652,50463,88292,54781,22180
9745:17,23071,88298,35219,22917,64596,58,19496,654,84
9753:4420,6945,14370,52673,17,1119,108260,74880,12151,96913
9786:8706,44193,27397,25192,51530,110731,103907,86895,38415,37931
9813:97068,67068,6793,889,26062,16049,33619,55244,9212,44797
9824:66069,110635,44318,75917,85926,62256,113618,77730,72140,68623
9827:50667,875,6450,4420,17,6945,14370,52673,2200,1287
9831:36235,574,9062,37042,57705,86707,168,4940,4292,101289
9839:7736,7031,40496,63621,59899,51645,18872,33916,54998,43457
9864:17,29,1476,3234,654,495,3751,1653,16288,4025
9879:10290,16729,1945,118165,100286,98624,94368,76686,50041,19557
9890:17,64596,302,510,654,53322,58,861,84,29
9896:1827,76195,25783,9490,9217,33639,7817,5108,8871,6423
9899:76386,57714,7703,73805,109454,83413,56324,48249,23516,19419
9900:89055,71531,542,1348,17,46330,107628,80638,74779,8811
9927:78649,95420,650,518,3233,138,3188,564,1102,357
9945:13051,119451,39323,37510,36508,92832,77533,13200,17376,63921
10030:4235,43133,119983,77295,29563,95842,80454,34020,302,654
10073:5266,42761,50429,33073,19328,4359,52,41037,1140,10012
10082:40552,31797,10154,120205,118964,72397,63253,113192,4982,1816
10088:50278,40142,25368,22059,28632,81719,5595,698,8419,31342
10111:104310,72425,22917,9654,15050,57328,48603,59461,98116,27355
10130:14153,21744,41024,39678,17733,7703,73805,19419,51760,109412
10148:719,5301,1436,26981,16150,77917,32549,27157,74498,38375
10155:40234,37097,31191,17,5006,23822,678,93655,92631,65475
10194:23973,122171,116680,115087,79973,58600,49502,3039,1589,7573
10196:3931,24768,110287,12084,302,32256,37605,53938,7573,11479
10210:1905,37386,58354,11623,40994,11644,9629,31823,10158,49517
10235:3282,6320,3060,16009,100832,84220,83921,71422,64639,60256
10267:2162,875,29,1187,6450,2013,61692,8525,71388,74880
10276:58,302,103607,5333,654,616,289,101,7573,54577
10279:6130,65704,6033,81099,74378,63206,46567,15957,24075,35839
10302:12409,115775,108665,103306,102977,101520,98248,96517,92517,87558
10306:17,53322,654,616,64596,14449,6422,30575,15778,29
10339:122647,42352,654,100505,616,182,58,35151,11876,8170
10342:42352,29170,17,47333,35334,27278,3468,24323,113938,33304
10359:54412,59644,58170,285,966,302,1957,11223,69589,5991
10366:84377,58,654,24323,32328,115866,78936,113938,33304,84
10371:3550,6051,1139,78610,74038,79096,12216,53016,38891,54551
10377:70920,17,32928,114607,102742,14205,58,101,16217,20881
10388:19795,53381,79502,35891,168,25585,35566,17,35940,32396
10420:16357,15139,100323,82005,9585,4245,3552,121404,99887,46458
10439:2013,61692,8525,71388,43885,9569,95885,79232,9952,84
10471:93043,64596,11209,56243,49084,37889,17,10898,10408,612
10478:7836,17,38776,119490,116391,104572,35348,302,58,76
10480:64596,2294,15514,7768,58,17,43386,122129,103900,82768
10523:112533,66701,441,96479,66147,46713,27290,111762,108612,56418
10563:6450,4420,6945,14370,52673,899,1119,302,84,654
10564:108256,45527,28160,48210,25740,121380,116205,115889,79062,23469
10570:17,2160,43488,12191,38812,58,1180,8729,33202,53411
10636:49612,39700,37600,8004,43649,6726,46191,187,76566,25229
10710:72372,4420,6945,58,14370,616,52673,76,8,70
10770:96547,81352,2543,14561,27701,21091,700,54860,92676,97742
10807:8151,14108,57718,106052,93412,27134,1127,8166,41372,55962
10843:43133,1190,42352,46588,17,20381,76668,22185,302,1180
10845:10770,13667,65072,61664,40137,87785,7929,111927,5545,14117
10858:11381,13633,3174,23355,34396,90414,18211,108555,73603,36247
10908:101446,25412,15921,18139,12724,51517,13512,22280,46283,33333
10913:22926,12869,20118,12306,27944,46072,81383,58232,45225,35378
10920:12061,616,654,58,302,86074,98364,8,518,363
10991:89977,115140,81,82681,16669,71074,11070,115265,87186,14171
10999:45014,100915,38977,17,564,11480,74937,82627,409,7011
11000:110815,81722,37567,3498,12116,54389,10071,10712,2157,36938
11022:40552,10154,31797,10534,45958,7712,35029,66067,61680,1970
11037:6900,54505,53367,311,14561,39009,9435,27701,8867,1547
11105:4420,6945,14370,52673,14784,25837,1190,42352,302,899
11134:6916,17403,62168,7305,87110,93501,74984,72659,47776,28926
11135:15320,102068,92404,24323,113938,33304,889,6793,26062,16049
11150:6120,5975,76253,8443,30936,79756,58411,31894,13542,832
11228:1145,1256,10370,25702,441,10536,26848,31492,30786,104746
11264:55883,42799,66472,87227,17,1550,1023,29,109395,100311
11279:2405,113529,52989,19000,13926,32758,3132,118856,35846,58982
11287:74880,108260,12151,96913,518,9197,21934,37999,79351,25375
11378:90982,5598,1905,56465,66613,52281,33003,12374,122821,58088
11394:36006,11330,85990,81265,19018,26483,112040,41945,23035,14156
11404:11070,117694,67860,15791,1388,7415,4292,15261,6094,7764
11418:1527,57181,80468,23191,1352,4825,28387,1727,95211,76
11419:12399,5702,5987,40542,4135,39285,2292,65698,112651,18239
11437:535,22917,10438,59900,37528,74972,43332,20302,103540,35558
11439:93409,23692,96520,2545,109442,81090,73316,1003,113729,43103
11462:67043,58382,1003,2545,113729,7415,1388,3184,15261,7764
11463:58,31651,66463,944,29,76,53322,861,101,289
11510:96648,17,121401,115284,35219,100505,190,616,4047,654
11525:17907,302,96502,101567,68036,66658,66416,63846,32684,28699
11529:8281,37343,76193,17,29,114814,99472,93548,79066,78939
11535:2265,40263,14966,87631,7627,54338,121921,119249,84202,43375
11538:36105,252,16926,114409,30828,17,13928,62926,24318,42871
11540:19065,27250,26293,23410,4600,116730,106074,100124,99909,86953
11558:89128,102490,10083,114837,106699,97494,94801,81462,3184,44439
11569:616,53322,29,650,8,76,69365,15,5767,542
11584:944,53322,17,9110,122786,121510,120447,861,302,654
11586:49100,84939,30143,6324,103715,69427,3233,118760,118180,58383
11603:44,76752,40192,8712,57922,55475,49231,8809,17480,103293
11606:77820,591,1424,654,15583,153,11459,2158,917,16595
11616:36716,10683,29862,42062,102685,100721,88357,87010,84087,77258
11676:60302,11772,24132,780,16286,112841,97764,42508,2301,37567
11685:39348,10545,97358,16234,95918,76483,53124,23899,2990,17
11719:33872,30609,17595,15018,63060,30606,4731,17,12463,15944
11775:13567,70054,17,616,262,116645,116100,3407,36552,111636
11781:100505,17,3233,42352,654,58,11767,616,45125,29233
11795:59031,29960,45147,91996,113817,44843,34930,8839,18765,3723
11856:11772,76673,6623,46823,9121,47530,22851,12509,11251,13157
11865:93648,17,302,58,8259,99520,54958,41911,86087,47351
11892:86371,1974,115552,60080,6052,121380,116205,115889,79062,78504
11896:33461,19715,52734,3732,94201,17,114062,106470,54055,44297
11910:6450,4420,6945,14370,52673,899,48,13512,22280,61430
11929:58775,53381,11070,654,32675,106080,103422,73664,62312,13056
11956:2294,15514,7768,554,654,616,1804,4174,3588,35630
11972:122092,82167,16237,16450,32142,88337,122283,119292,109722,101828
11983:89388,77386,56291,54284,17,82564,60164,40721,3019,122468
11988:35596,115304,67681,50962,302,654,616,58,11422,48416
11999:27290,111762,108612,56418,31383,441,4856,1410,1072,82585
12008:86516,84899,67127,7899,10198,74612,56140,17,3517,39545
12010:1145,90878,18224,16332,4513,13031,27907,118341,710,27070
12011:111591,25996,118141,112895,83671,69310,43151,29390,119630,99249
12028:25585,35566,654,861,40572,15583,106865,78442,48428,1424
12037:43133,17,654,302,616,24323,113938,33304,1725,84456
12050:17,25649,654,7685,47693,36715,28308,138,616,65161
12067:51021,48942,17622,45287,2528,4110,10302,4146,76,122605
12084:17,861,24323,3197,17143,113938,33304,15477,591,654
12232:17,302,861,654,591,15583,1424,11459,2158,153
12234:889,6793,26062,16049,8749,72054,88006,111288,103937,103905
12263:57147,36235,7941,13893,5851,1403,63284,92362,85932,38921
12272:42053,17754,10085,43724,35141,22613,56691,3256,2739,14546
12296:4420,6945,14370,52673,1389,1057,8151,14108,62418,57718
12310:17,32634,12993,34070,21631,302,508,654,120448,111229
12327:70591,42715,111904,20200,6545,118450,98552,42101,2630,16340
12360:16589,66330,7941,13893,5851,302,395,654,239,616
12364:80399,889,6793,26062,16049,861,591,15583,1424,917
12375:47601,84119,75280,65861,39233,67765,1790,5533,107501,88787
12406:67033,92586,45629,115273,102622,77390,73647,28218,18348,2613
12416:11604,86781,36062,29170,27024,38899,17558,8710,48079,46373
12467:535,22346,45738,60295,13207,69425,106937,65920,56131,45438
12480:11803,40167,5987,5702,39285,4135,40542,17,302,654
12512:36012,43133,64596,616,122045,94167,64072,62223,42569,32478
12533:6612,62746,37901,58,81655,29,616,41306,650,8
12540:49572,82099,30872,26654,1389,15921,18139,12724,51517,8579
12544:17,6360,302,654,34271,120285,58,354,616,27705
12559:111012,1262,116545,35157,1119,472,496,3046,15242,9717
12564:43133,58,616,103960,101,70642,35320,119139,289,866
12587:26053,2901,1395,24630,21556,7609,113928,89370,81864,19632
12595:1700,535,67843,122044,11070,15995,47366,25629,3939,22421
12601:97091,50589,79255,83178,104266,69344,51966,45485,36782,27262
12604:302,48593,74968,24323,113938,33304,29,84,16271,109565
12622:27705,7905,17123,32205,16401,43893,534,63512,85561,17608
12630:22253,83893,3233,42352,205,32328,115866,78936,17,121772
12642:387,76510,17,24323,113938,33304,654,616,289,1102
12753:36788,6612,91850,17,5184,302,19447,28473,52858,36310
12773:9397,55267,114709,59656,53193,51399,29559,26035,21240,122157
12794:40552,31797,10154,2669,6840,37121,8194,14661,30387,18453
12811:17,302,616,654,1119,84,2739,58,16431,591
12860:42352,1730,654,58,5097,3568,890,4743,18425,616
12885:11772,830,302,654,54031,93636,66655,58,616,8197
12892:67084,56465,66613,81732,65448,52945,27914,302,4702,42684
12898:3638,10349,3062,2890,12803,45035,35651,5657,6284,51288
12912:113909,76599,17,24323,113938,33304,76,861,13668,39924
12918:92463,91340,46753,12782,4956,29910,32541,19251,27870,36152
13004:18980,91507,85254,86987,11070,45919,19715,6617,39671,115412
13039:2633,33138,533,103538,101089,94651,90599,81595,54977,40810
13071:23884,113702,93630,109744,106146,34129,37304,16206,10041,1352
13081:104497,654,591,34271,120285,108787,63383,101,1424,289
13109:11070,56465,66613,61651,66439,122912,5568,4735,24041,61138
13152:17,654,1749,20881,16217,6677,32166,24255,20227,121420
13233:42414,105054,50618,38138,1262,3521,97455,51014,21297,17
13264:108218,57747,43629,15673,6491,18239,6127,5702,5987,15540
13280:17,654,14314,99520,41911,54958,86087,47351,58,23583
13295:861,1190,42352,56465,302,66613,1424,15583,654,917
13312:58,354,829,654,101,289,554,657,1804,28379
13335:17,2389,10947,112254,49241,90757,36951,10039,866,5097
13339:104494,37869,54142,50306,7021,69606,16016,17567,10492,45956
13353:43133,122197,43609,28926,96720,116336,90231,28953,23933,1211
13367:118783,10420,109548,122332,78073,2135,7235,21903,13848,34397
13377:21835,93933,92977,43400,116440,59396,97126,50749,96993,4586
13414:237,16329,56268,53758,25616,5884,24323,113938,33304,395
13432:17,947,899,902,787,105,19830,1133,238,486
13434:3207,119583,25783,10046,9217,9490,33639,7817,5108,8871
13436:4640,46994,14600,25716,113945,93236,59405,6379,74367,19433
13444:54109,101362,41238,34558,93044,64828,48220,3260,114378,110591
13459:13051,43332,103540,20302,19499,53831,35093,111922,47902,29473
13464:37042,86707,7482,168,89802,58107,7711,1013,574,1727
13504:71035,29723,70265,17494,35722,19245,38660,37060,79279,46491
13506:302,285,17,5991,10684,3638,13717,10349,21578,53873
13511:9388,80826,64596,510,8803,9898,53322,107505,103703,26797
13533:111161,81487,72664,39733,64596,2121,17,17383,10638,11344
13535:24501,189,14900,11714,33420,26698,107697,27070,119824,114004
13568:26054,9497,7833,70870,34622,13406,1526,73826,111213,107307
13584:61468,16146,32328,115866,78936,24323,113938,33304,8398,7910
13602:17,58,302,654,101,63395,22117,23413,80497,2267
13632:112863,99864,75401,7703,73805,696,121287,118243,37056,27454
13633:11683,1804,2469,530,10247,15370,3160,4174,58,101
13665:30017,93461,1555,1252,12509,22851,11251,302,17,76
13701:87911,51483,10180,6192,30487,23048,83348,121182,111309,103119
13806:3233,42352,15921,18139,12724,51517,302,4919,357,1544
13812:6130,65704,2414,591,1424,15583,917,11459,2158,153
13813:302,4919,1344,1544,6640,14293,20493,81490,4487,5117
13876:17,32541,19251,58,302,616,654,30517,104497,29
13883:58,302,1012,101,40892,38776,45076,69780,119490,116391
13884:17,1429,95242,60644,27210,17958,58,654,289,70
13892:13126,20924,119788,95077,65623,10521,3946,14131,18482,87864
13893:74167,5304,34359,23399,44820,74998,81860,59975,40472,12901
13900:56465,66613,106,974,14152,9045,50156,7303,13152,21389
13924:23431,302,4737,13064,81077,27829,654,239,726,3
13953:5097,1913,890,4743,18425,53761,2008,21696,1377,40263
14024:28615,88114,23823,43400,20416,16701,97126,96993,51980,3360
14057:68828,17,100176,99021,89791,85354,79588,74394,73740,40501
14058:71761,9126,119692,29577,37304,16206,17,80657,65937,542
14065:14444,15133,33223,60430,10543,11070,13133,81590,71896,35319
14069:830,110604,109451,95902,56438,50051,58916,23872,109893,104574
14139:17,19059,2028,10616,15992,10215,62642,97108,92760,302
14176:2545,1003,113729,17,761,9235,20252,57178,41606,28905
14210:50460,1784,17,102068,92404,15320,302,16076,118040,74940
14211:5287,81,2545,113729,109442,81090,73316,120887,88619,64001
14247:36785,112496,48983,33672,20763,8,518,106973,989,1102
14293:35891,29,654,383,119296,117968,616,42701,5715,24323
14314:48110,58518,56944,48833,84,302,429,891,718,814
14330:62769,51752,2139,18098,59766,95003,86457,60176,112591,81
14336:2028,15992,41786,15443,20360,5741,17426,1310,26376,34309
14371:10215,4420,17,6945,14370,52673,899,1389,1057,302
14446:2294,15514,7768,72568,18068,95375,94649,17,29310,29333
14470:59199,77616,17,58,15861,1790,10851,1410,1102,2200
14473:24369,68191,17,760,877,7180,1124,13299,22091,25202
14536:10152,22159,25018,2882,2660,39929,97051,84865,13994,14798
14613:61636,691,38808,36748,23954,6793,889,26062,16049,64179
14695:37304,16206,1985,71485,16517,69005,109236,10370,1256,25702
14697:48210,25740,61375,58665,27209,4158,77820,11070,44968,74730
14701:13342,35632,25003,48211,84,17,1102,29,2193,2233
14717:113000,51769,79243,64061,28926,96720,116336,90231,28953,23933
14755:72568,18068,95375,94649,17,5562,10534,35029,7712,66067
14771:67043,105997,62162,114452,13544,28926,96720,116336,90231,28953
14788:6130,65704,81347,77257,44467,37481,302,861,591,17
14791:61641,20594,48340,24369,93234,463,168,2103,3153,8045
14794:7623,15676,1678,29732,18777,14906,14761,6977,18448,4137
14824:1145,4421,26848,104746,102559,44318,3618,75917,11928,3688
14881:399,57634,122085,75432,39348,10545,97358,168,79526,71270
14883:56982,20916,114546,94026,65698,112651,23403,118387,18363,1102
14906:77296,80690,81,22421,3423,3718,986,1888,226,2301
14933:840,765,122044,4875,69263,36399,14793,20411,10874,19703
14934:719,49017,574,56496,2103,19437,4792,11334,16381,103236
14964:116295,39421,44,76752,40192,12748,119465,108592,51153,58
15002:52792,7148,77433,58754,27944,46072,81383,58232,45225,35378
15024:76673,57881,55422,29960,45147,8466,10884,123087,86083,54507
15025:86547,56570,60549,40281,1100,4299,81350,79582,65962,52271
15044:616,44,76752,40192,17,302,332,38110,85550,112819
15106:13984,46687,64596,94112,43028,7251,110050,35117,24798,8765
15135:27019,46219,9731,49640,94134,25144,45493,58805,9747,43901
15177:21631,302,654,2528,58,84,616,2354,361,650
15178:17029,30688,46714,119120,58,19818,91495,57190,110773,99863
15207:79115,535,112255,103139,44812,45471,2959,32813,21216,8483
15211:4140,59292,765,840,43303,87601,4875,14793,69263,36399
15214:840,57128,54907,27070,12761,24752,1807,103724,63563,45525
15280:8167,20302,103540,7482,22002,89802,58107,3307,25910,76321
15289:3229,14824,20625,65491,40876,25821,84434,121676,120344,90529
15333:8171,31622,3195,2494,3378,65033,88939,19841,3874,17
15352:11070,24216,31906,18433,76584,17,70924,90322,84130,67191
15366:17,3,1567,616,2361,5025,6284,14758,12632,9480
15375:56465,66613,3517,65548,39545,32917,46485,100078,83863,17
15378:109307,42530,31651,91115,74648,32792,40552,10154,31797,76
15385:10259,7001,20486,97504,57903,654,58,7560,25492,28623
15394:33051,53381,43133,780,6623,47530,17,217,7516,285
15433:71593,116324,34808,12039,86514,6921,62680,104247,88968,76480
15434:34959,78910,25548,11070,31760,3481,9656,40142,25368,20008
15525:78628,72977,68886,44,76752,40192,100759,89267,650,29
15551:22681,1913,40263,56465,66613,2669,6840,302,37121,8194
15587:11270,16861,6678,77820,80468,6223,20313,61228,22238,3522
15591:34070,1164,2008,21696,4727,1377,37192,34500,25580,13106
15601:53441,21535,2030,1402,29990,17,1039,21949,23010,7451
15604:106287,19841,3874,58,654,37552,302,396,12693,44336
15640:74318,95592,60780,38995,117373,83922,42805,33454,70083,17
15724:38177,17,302,654,58,15,616,285,7841,29
15737:28446,33872,12722,12022,62472,57347,34747,28692,641,24803
15752:44974,35891,46839,31791,38892,7223,25552,15320,102068,92404
15760:3067,578,18851,15521,31938,4619,35589,46855,8543,19056
15857:31651,18139,12724,51517,44318,75917,52705,81866,17,22801
15882:1555,1252,24323,113938,33304,17487,119983,77295,29563,28926
15889:47214,840,14793,112496,48983,35609,33672,10821,2007,15636
15908:7945,118413,34698,10374,68812,66602,106345,82896,72784,63276
15914:22681,25837,45237,15771,13965,11746,89431,78237,6721,4919
15918:25714,59544,34772,754,106,1471,12291,1424,813,2944
15999:7996,19715,17,31797,40552,10154,24323,113938,33304,1057
16043:9662,34936,630,51865,6431,14424,95194,39595,15124,119932
16065:84377,1190,42352,654,33158,17487,119983,77295,29563,4369
16088:32256,24218,54695,89846,63500,4173,45,12908,13221,11522
16093:75113,82035,77303,68796,17,122140,82393,302,108136,39472
16097:5357,16768,9557,8927,4110,57791,25351,30526,10302,10979
16151:87503,83113,17,302,6065,28733,53890,40766,29090,15570
16167:92317,53381,36119,12900,25580,13106,104566,63250,15380,986
16169:8596,1050,23962,9968,427,73426,52956,25880,116995,86147
16187:17804,20883,97303,39331,20302,43332,103540,10602,102018,87838
16233:89628,5928,44069,9711,17,289,1200,58,3297,16926
16234:168,9326,57634,65812,25647,29329,8860,14226,76,1740
16277:92762,54420,39415,1677,17,7736,7031,51645,63621,59899
16309:11772,17,2669,6840,58,302,37121,8194,28926,14661
16330:17,83735,302,654,5767,10616,10215,116620,68497,1252
16411:4140,58407,122044,11070,27070,81363,18269,2548,20920,78494
16422:35781,7441,1050,23962,9968,27829,15334,62422,14155,25880
16515:11268,97068,67068,61651,66439,122912,12463,48507,15944,2136
16522:11070,17,85176,78254,29178,16084,6242,77076,54128,22818
16530:12061,10526,116545,35157,7491,3937,20405,17191,52749,1985
16553:6450,4420,6945,14370,52673,17,1187,302,32160,15517
16554:13051,43133,44318,75917,17,27290,111762,108612,56418,31383
16639:29475,34322,114620,92232,65265,719,574,7711,1317,6097
16640:108092,86336,78498,50212,2908,13488,118304,76889,47806,20351
16641:1913,38857,40263,2139,12832,19626,2282,25216,95533,20575
16642:120631,459,18289,23359,46328,7590,22279,57637,21659,95106
16674:104497,17,86984,7670,302,62365,16919,98291,70267,82544
16710:23299,15517,32160,34030,10733,25101,29977,25013,12300,182
16796:64422,72768,24439,89148,51404,46174,35615,121221,86448,65038
16815:15917,56048,19124,11735,21457,120728,113112,108342,94892,80360
16878:5867,76673,5702,5987,15540,39285,4135,40542,866,861
16887:944,3233,42352,53322,616,13965,11746,89431,78237,6721
16926:29170,17,58,6508,117764,86751,22315,13732,19757,30528
16954:85708,79080,63341,49420,17443,861,84,564,302,654
16983:64596,17,861,302,654,591,11459,1424,15583,153
17056:75409,7,49893,20855,7450,10305,66271,538,11358,31839
17099:13652,22917,10549,25007,861,11459,15583,119069,34514,917
17117:96317,15868,28248,33619,9413,11670,55244,9212,44797,8019
17159:85127,84063,69622,56760,112040,41945,23035,19018,14156,4587
17191:1326,15255,25230,11899,35229,26070,121630,115363,109041,106269
17193:10514,77697,18757,77007,88772,102449,28759,49513,67334,52705
17195:15660,89881,139,77310,616,873,4542,86504,71203,110014
17278:840,4140,197,16850,18269,81363,101109,14900,26436,20920
17328:4598,114062,106470,54055,44297,25058,12283,14753,60580,3487
17363:76673,93648,24481,17,37304,16206,91701,65617,17868,302
17440:17142,16697,113585,82309,24323,113938,33304,34772,31423,27018
17473:54866,118201,66366,65428,62402,34920,33427,8476,23832,105901
17477:10039,105940,83507,3568,64734,59151,6191,36733,890,4743
17492:654,4828,4203,28235,50897,54929,20387,18362,9018,58
17528:102262,67084,24323,113938,33304,17,8232,32169,80990,633
17606:1527,23191,99915,92674,72568,18068,95375,94649,17,861
17625:8427,6900,54505,80484,89061,86168,75694,60188,28070,3765
17688:3368,28160,36864,112247,107528,14685,39761,21513,40908,61272
17689:39410,302,42701,155,5715,109286,654,32256,53938,54695
17695:18785,10142,14715,121011,73435,15377,2545,1003,113729,43332
17716:25956,102013,112914,51677,34975,18716,1718,118722,94308,83315
17749:30906,65442,10877,52705,81866,105954,61916,36439,7194,4932
17753:17,654,91391,56600,26414,22476,29,616,56536,50599
17810:55909,24571,7334,92337,68064,62050,40397,120130,66770,22361
17812:944,53322,302,6793,889,26062,16049,31878,358,1116
17813:100023,85347,32703,78215,44412,15340,7732,9848,85828,24070
17890:2406,29543,67080,88492,23523,5693,92494,108955,14966,1176
17897:38329,64596,84,518,2200,1567,1102,8,101,1896
17972:16387,6798,54468,12022,12586,1477,641,108842,74810,120078
18039:44318,75917,121662,119204,116531,111826,104260,83950,74364,51864
18042:69034,17,1069,3512,120962,2904,35615,78056,65903,64383
18070:4513,15992,50588,17,1827,2696,2714,2403,441,3207
18147:23045,51111,36339,37304,16206,5812,17403,6916,62168,7305
18182:120801,72749,36481,69521,99381,86974,25335,105849,27528,13277
18186:104497,101033,7894,59758,54825,302,48172,100183,93462,86039
18208:20339,79829,53314,37535,58205,101657,85459,119634,115636,72539
18211:77616,9617,72372,28802,18757,77007,88772,37304,16206,302
18273:718,1760,27290,111762,56418,31383,12586,641,116981,108842
18284:12483,17,289,302,654,1418,122896,89306,86089,75514
18306:510,53322,17,302,5702,5987,616,15540,4135,39285
18360:47836,41113,7132,714,46395,122951,118507,85977,83939,57819
18404:17,596,111049,62447,36305,94370,88417,80099,68091,46988
18417:861,591,11459,15583,153,917,16595,2158,20440,9197
18510:16996,78689,57056,32619,2541,616,302,17,591,1424
18709:11070,16208,47658,8055,28435,2483,116437,86805,79486,51108
18810:17,302,24323,113938,33304,591,32256,1424,53938,24218
18815:18096,60072,67460,57208,51157,121531,111823,84110,63782,53890
18845:69550,7287,33847,112021,4280,108451,18873,6554,17,787
18901:45135,94587,56246,34187,654,58,616,596,5991,3638
19001:1940,6908,34289,6748,82152,1677,7736,7031,51645,63621
19010:370,52521,27108,13269,7407,53142,17,654,58,3
19019:17,114,7231,4210,3884,8678,42803,302,6729,68573
19051:17,1511,221,5157,62001,32805,41462,20004,31975,38418
19062:88124,120606,47469,27889,3739,15686,15535,6591,60729,1535
19102:65385,108731,69931,59596,41675,58,8574,861,15,8232
19198:22917,85373,9427,168,39219,65119,55339,352,67460,57208
19243:7856,31845,7791,109957,99664,74905,7237,2286,18409,90504
19246:13517,6807,27564,105135,61342,7106,361,1180,8055,10369
19277:116330,12761,24752,63563,1807,103724,45525,28188,10997,43332
19434:63874,76,35582,24521,38545,33131,1651,42644,698,6901
19452:17,302,14998,106865,78442,48428,40926,93123,9057,84
19468:7497,119788,95077,65623,10521,7480,63692,4919,357,1544
19482:1587,82016,60260,44456,24323,113938,33304,17,302,1451
19517:58,1804,76870,2644,5026,223,26014,8992,5808,15412
19528:1468,46203,3739,7881,2435,40537,39617,15529,94883,92282
19554:17,10376,65406,112702,66108,102236,58934,591,1389,13901
19692:5761,1606,89564,33232,25733,3766,28212,6105,46312,18360
19757:15133,60430,56465,66613,57407,15420,35034,1620,105495,98036
19788:16044,25946,7282,7360,3605,7291,112478,111453,94604,68680
19847:101173,17,2224,4210,302,114,63835,836,44814,118189
19882:6842,64091,104599,98428,74026,42471,12555,18239,785,11671
19985:74999,4737,13064,81077,27829,76566,25229,113410,78316,75741
20073:6191,36733,2139,1164,31797,40552,10154,21696,1377,37192
20220:944,104695,31786,53322,654,1549,30611,118258,98829,84056
20234:17,1102,29,58,616,8,70,2570,19529,5421
20299:18747,8956,1928,65444,50065,28873,21116,43755,17,518
20316:302,26381,46471,60177,654,27302,35963,44405,119024,116700
20360:17,1711,13266,37804,19274,19352,58,23031,32433,32923
20378:23124,40121,3214,77859,20768,21294,42438,90254,68448,25306
20441:76196,61003,44,76752,40192,17,20351,7171,31850,11655
20443:327,206,40315,122005,15852,104321,56658,27446,55757,94239
20456:51979,34348,79088,23138,14528,4985,10736,22070,1285,25549
20473:74546,14561,27701,61424,49849,74371,533,84342,23930,14398
20546:42352,17,302,327,5097,3568,890,4743,18425,53761
20582:79964,20309,102850,53324,109348,30592,20994,5085,5767,11965
20607:28479,35891,17,9748,11876,35151,8170,106090,58,616
20684:90800,97902,17713,3374,3498,12116,37567,54389,15380,56206
20892:7758,23467,17,33758,60880,79241,65084,32721,36715,899
20911:109058,121663,104593,89085,31428,27910,20558,6435,50746,27996
20985:20836,28227,23523,88492,16701,113585,82309,21193,11367,2328
21028:974,10466,22346,45738,50156,13152,21389,108181,87337,60087
21032:21416,28027,72921,61521,12865,8190,115914,109366,107366,105215
21037:7703,73805,56465,66613,3514,1355,303,15695,27505,25073
21082:45423,49329,81953,10503,72271,90568,77120,37068,1609,32648
21140:2583,7048,9163,4107,571,1339,7642,30644,3755,37199
21160:4660,4040,34070,68553,13839,81866,52705,76294,46465,1083
21207:101569,14137,81823,51685,4049,17,56204,13714,45553,108371
21220:109744,106146,34129,67660,21958,1352,10041,10687,2694,2880
21256:26326,12916,10021,68502,358,1410,67446,36022,31267,19399
21469:7171,35144,104497,111610,102961,66140,31797,40552,10154,21555
21543:840,7160,27070,24752,197,63563,3789,1807,103724,45525
21585:6387,22507,62347,38349,24240,93865,88353,45773,27574,17348
21608:115719,25412,302,121999,120265,94445,76205,71770,48442,17
21617:17,13342,35632,25003,48211,861,101,29,23583,102798
21712:535,4547,76343,31830,27327,31839,6633,4809,861,591
21737:79112,67735,840,2480,46995,11043,108354,57025,12761,109388
21763:11959,17,4245,3552,121404,99887,46458,5702,5987,15540
21794:28650,1295,15423,2139,94875,52063,58033,51625,35188,110777
21853:102983,7929,111927,3372,19871,87209,26205,23245,57841,15020
21869:90800,59292,6379,7623,34553,2345,1678,18777,29732,15676
21908:944,53322,302,836,63835,44814,118189,30964,654,25492
21912:31609,93463,2579,81075,50238,38179,19116,29282,122058,63060
21943:463,29969,28553,36244,26274,82420,57334,5366,116109,81593
21968:5812,17403,6916,62168,7305,87110,17,1614,1474,56056
22109:54104,104497,2934,31823,10158,25764,591,58,59777,25853
22158:84516,14532,121414,77017,63091,46181,5611,108260,74880,12151
22164:17,24798,8765,64981,113785,108453,72688,48855,34545,60452
22176:33872,1410,827,4444,32100,6627,5693,3977,23959,4991
22222:774,1827,1057,32558,8579,2696,2714,2403,1524,8151
22246:17625,69765,13754,93667,18207,66729,62105,61996,81082,53253
22263:627,66463,3197,17143,15477,654,58,616,10785,5794
22372:4051,40552,31797,10154,55835,11952,102086,22194,19167,70294
22430:120885,47802,117914,106802,66826,61017,13927,17,2013,61692
22459:64596,105589,70417,44882,39505,19575,19003,9885,31515,16505
22579:81,22689,6202,46823,1555,9121,1252,48076,23317,19710
22581:302,6231,7573,37605,11479,72568,18068,95375,94649,564
22639:61692,8525,71388,68865,83836,80771,36846,74880,108260,12151
22703:2069,86744,19474,105799,98252,91193,82424,48210,25740,40142
22835:45919,1969,36792,35220,17,302,654,58,100366,95879
22850:72372,17,646,44474,51043,19235,491,39641,48401,114615
22863:225,18289,23359,3290,80636,56415,7440,13695,37164,35426
22888:64596,17,113693,107843,103643,43623,8411,15334,19369,29813
23114:2379,3423,18639,81,5935,16685,4131,68278,13157,41568
23335:26003,22232,27443,14606,103538,101089,94651,90599,81595,54977
23367:83508,49911,93316,115205,98747,67895,66853,64137,8988,116155
23433:654,48,29,1102,546,4068,1119,13390,6632,75000
23569:64596,116620,68497,93828,66916,12567,10039,8166,14355,41372
23919:29874,50589,97091,13108,2950,27632,9617,40315,122005,22135
23959:66463,91391,56600,26414,22476,17,58,50581,120946,114647
24018:1119,654,546,84,2354,4068,646,13390,44474,4093
24061:5820,12243,8539,99676,69679,52181,38222,35,20576,17876
24262:5398,16669,7851,44376,2548,2139,1752,38729,106900,79576
24581:96714,66256,33567,5715,42701,109286,17,83378,4919,357
24748:89560,22162,15259,3392,52705,81866,98179,58996,33957,109596
24909:56465,66613,52705,81866,3253,54506,3229,14824,20625,65491
24920:13161,44,76752,40192,9572,8,8398,7910,13657,23723
25260:59031,11070,94245,55315,52476,30767,30143,8582,59662,6307
25296:7194,17934,4932,2638,112071,22134,122068,116449,88980,83675
25619:9686,10707,70729,91215,43332,103540,20302,6793,889,26062
25694:17855,6680,71810,79437,58261,41862,39689,8800,4425,4586
25924:58,24323,113938,33304,26951,20402,22585,55046,17310,119969
26403:76849,2245,32282,85433,49111,13965,89431,78237,11746,6721
26732:63839,115597,104991,78211,62796,42850,38718,16340,2630,3394
27505:29573,81616,457,100805,22801,39619,89977,115140,45975,5726
27579:80468,5287,2545,113729,5078,48106,13007,45806,13037,21408
27739:654,84,616,89185,53408,38815,29,5991,3638,98093
28020:301,1558,1089,17,654,48,1542,7438,858,40109
28523:46391,36505,17,54767,81004,14104,80038,77634,91265,26087
29056:52097,2028,15992,22070,1285,25549,97504,57903,20486,7001
29898:4007,120899,28248,33619,9413,11670,55244,9212,44797,8019
30840:22346,45738,17,6299,118276,112532,111868,107399,47631,14422
30901:22681,35609,10821,40980,20323,111473,91890,88304,85332,73485
30990:114522,109337,106347,103713,508,3965,17,1313,70,138
32010:20035,107411,105970,104690,101511,37323,11980,1803,54357,568
32919:91850,79702,57447,31323,302,3895,2609,26084,2905,96526
32955:55602,103008,101121,92721,79511,60333,44435,3588,35630,40143
33225:26848,10536,31492,58035,60011,104746,102559,15886,102882,30786
33884:2754,533,84516,14532,105234,37412,14268,4889,44227,70031
39237:6011,15743,24472,2930,60739,6953,14603,67028,17672,17
